image: shared_position_demo_4.pgm
resolution: 0.050000
origin: [-1.000000, -12.200000, 0.000000]
negate: 0
occupied_thresh: 0.65
free_thresh: 0.196

